return {
	Id = "rbxassetid://74441004296237",
	Loop = true,
	Looped = true,
	Priority = Enum.AnimationPriority.Action,
	Markers = {
		"restart",
		"spin",
		"clang",
	},
	Frames = {
		{
			Name = "Keyframe",
			Time = 0,
			Pose = {
				{
					Name = "HumanoidRootPart",
					CFrame = CFrame.new(0.0000000000, 0.0000000000, 0.0000000000, 1.0000000000, 0.0000000000, 0.0000000000, 0.0000000000, 1.0000000000, 0.0000000000, 0.0000000000, 0.0000000000, 1.0000000000),
					EasingDirection = Enum.PoseEasingDirection.In,
					EasingStyle = Enum.PoseEasingStyle.Linear,
					Weight = 0,
					Subpose = {
						{
							Name = "Torso",
							CFrame = CFrame.new(-0.0225053970, 0.0122169852, -0.1964589804, 0.9987685680, 0.0495892204, 0.0015189424, -0.0487735532, 0.9870260358, -0.1529730558, -0.0090850499, 0.1527105868, 0.9882292151),
							EasingDirection = Enum.PoseEasingDirection.In,
							EasingStyle = Enum.PoseEasingStyle.Linear,
							Weight = 1,
							Subpose = {
								{
									Name = "Left Arm",
									CFrame = CFrame.new(0.1713476479, -0.0862785578, -0.1199351251, 0.9881080985, -0.0289829671, 0.1510047168, 0.0006117970, 0.9828077555, 0.1846310645, -0.1537597477, -0.1823430657, 0.9711380005),
									EasingDirection = Enum.PoseEasingDirection.In,
									EasingStyle = Enum.PoseEasingStyle.Linear,
									Weight = 1,
									Subpose = {
										{
											Name = "HandleL",
											CFrame = CFrame.new(0.4441530704, -0.0701117665, 0.0902099535, 0.1211702749, -0.9926318526, -0.0000000065, 0.9926317334, 0.1211702600, -0.0000000075, 0.0000000001, 0.0000000049, 1.0000000000),
											EasingDirection = Enum.PoseEasingDirection.In,
											EasingStyle = Enum.PoseEasingStyle.Linear,
											Weight = 1,
										},
									},
								},
								{
									Name = "Left Leg",
									CFrame = CFrame.new(0.1835368574, -0.0097494125, 0.0125969648, 0.9286590219, -0.3697977364, 0.0290181451, 0.3701245487, 0.9289583564, -0.0066447025, -0.0244994536, 0.0169109888, 0.9995567799),
									EasingDirection = Enum.PoseEasingDirection.In,
									EasingStyle = Enum.PoseEasingStyle.Linear,
									Weight = 1,
								},
								{
									Name = "Head",
									CFrame = CFrame.new(0.0000000005, -0.0000000009, -0.0000004768, 0.9983564019, -0.0572944507, 0.0013184060, 0.0573092476, 0.9980030060, -0.0265629403, 0.0002061360, 0.0265948400, 0.9996462464),
									EasingDirection = Enum.PoseEasingDirection.In,
									EasingStyle = Enum.PoseEasingStyle.Linear,
									Weight = 1,
								},
								{
									Name = "Right Arm",
									CFrame = CFrame.new(-0.1713476479, -0.0862785578, -0.1199351251, 0.9881080985, 0.0289829671, -0.1510047168, -0.0006117970, 0.9828077555, 0.1846310645, 0.1537597477, -0.1823430657, 0.9711380005),
									EasingDirection = Enum.PoseEasingDirection.In,
									EasingStyle = Enum.PoseEasingStyle.Linear,
									Weight = 1,
									Subpose = {
										{
											Name = "HandleR",
											CFrame = CFrame.new(0.4426316023, -0.0688661188, -0.0982618928, 0.1189427972, -0.9928579926, 0.0093005802, 0.9928152561, 0.1188038588, -0.0142774284, 0.0130706020, 0.0109320292, 0.9998553991),
											EasingDirection = Enum.PoseEasingDirection.In,
											EasingStyle = Enum.PoseEasingStyle.Linear,
											Weight = 1,
										},
									},
								},
								{
									Name = "Right Leg",
									CFrame = CFrame.new(0.3487230539, 0.0897324085, -0.0221811533, 0.9333941936, -0.3587200046, 0.0097689889, 0.3588503897, 0.9331455231, -0.0215941425, -0.0013696216, 0.0236614458, 0.9997190833),
									EasingDirection = Enum.PoseEasingDirection.In,
									EasingStyle = Enum.PoseEasingStyle.Linear,
									Weight = 1,
								},
							},
						},
					},
				},
			},
			Marker = {
				["restart"] = {
					"0",
				},
			},
		},
		{
			Name = "Keyframe",
			Time = 0.10000000149011612,
			Pose = {
				{
					Name = "HumanoidRootPart",
					CFrame = CFrame.new(0.0000000000, 0.0000000000, 0.0000000000, 1.0000000000, 0.0000000000, 0.0000000000, 0.0000000000, 1.0000000000, 0.0000000000, 0.0000000000, 0.0000000000, 1.0000000000),
					EasingDirection = Enum.PoseEasingDirection.In,
					EasingStyle = Enum.PoseEasingStyle.Linear,
					Weight = 0,
					Subpose = {
						{
							Name = "Torso",
							CFrame = CFrame.new(-0.0437964499, 0.0183157362, -0.2467565835, 0.9975258112, 0.0701765344, -0.0041859522, -0.0699103102, 0.9839475751, -0.1641943157, -0.0074038301, 0.1640807092, 0.9864191413),
							EasingDirection = Enum.PoseEasingDirection.In,
							EasingStyle = Enum.PoseEasingStyle.Linear,
							Weight = 1,
							Subpose = {
								{
									Name = "Left Arm",
									CFrame = CFrame.new(0.1713428497, -0.0862798989, -0.1199279428, 0.9788168073, -0.0508578420, 0.1983203888, 0.0104321856, 0.9797871113, 0.1997709125, -0.2044716775, -0.1934702098, 0.9595627785),
									EasingDirection = Enum.PoseEasingDirection.In,
									EasingStyle = Enum.PoseEasingStyle.Linear,
									Weight = 1,
									Subpose = {
										{
											Name = "HandleL",
											CFrame = CFrame.new(0.4441527426, -0.0701122880, 0.0902100354, 0.1892374903, -0.9817392230, -0.0194282345, 0.9819192290, 0.1890998781, 0.0087058637, -0.0048730168, -0.0207244214, 0.9997733831),
											EasingDirection = Enum.PoseEasingDirection.In,
											EasingStyle = Enum.PoseEasingStyle.Linear,
											Weight = 1,
										},
									},
								},
								{
									Name = "Left Leg",
									CFrame = CFrame.new(0.1406946182, 0.0275203586, 0.0093203783, 0.9218478203, -0.3866509199, 0.0264126007, 0.3870124817, 0.9220190048, -0.0101134423, -0.0204425473, 0.0195450597, 0.9995999336),
									EasingDirection = Enum.PoseEasingDirection.In,
									EasingStyle = Enum.PoseEasingStyle.Linear,
									Weight = 1,
								},
								{
									Name = "Head",
									CFrame = CFrame.new(0.0000000002, -0.0000000037, -0.0000001490, 0.9979581237, -0.0638707504, 0.0002641454, 0.0638701245, 0.9979062676, -0.0101812100, 0.0003866892, 0.0101772929, 0.9999481440),
									EasingDirection = Enum.PoseEasingDirection.In,
									EasingStyle = Enum.PoseEasingStyle.Linear,
									Weight = 1,
								},
								{
									Name = "Right Arm",
									CFrame = CFrame.new(-0.1713431627, -0.0862801671, -0.1199280024, 0.9839860797, 0.0508578420, -0.1708355248, -0.0160217285, 0.9797871113, 0.1994004846, 0.1775235236, -0.1934702098, 0.9649118185),
									EasingDirection = Enum.PoseEasingDirection.In,
									EasingStyle = Enum.PoseEasingStyle.Linear,
									Weight = 1,
									Subpose = {
										{
											Name = "HandleR",
											CFrame = CFrame.new(0.4426304102, -0.0688586235, -0.0983086526, 0.1712032855, -0.9849636555, 0.0231790449, 0.9793939590, 0.1675826013, -0.1127107665, 0.1071315929, 0.0419978797, 0.9933590889),
											EasingDirection = Enum.PoseEasingDirection.In,
											EasingStyle = Enum.PoseEasingStyle.Linear,
											Weight = 1,
										},
									},
								},
								{
									Name = "Right Leg",
									CFrame = CFrame.new(0.3468251824, 0.2011433840, -0.0293258429, 0.9489939809, -0.3084981143, 0.0651112497, 0.3090220094, 0.9510525465, 0.0021178862, -0.0625775829, 0.0181109477, 0.9978758097),
									EasingDirection = Enum.PoseEasingDirection.In,
									EasingStyle = Enum.PoseEasingStyle.Linear,
									Weight = 1,
								},
							},
						},
					},
				},
			},
		},
		{
			Name = "Keyframe",
			Time = 0.20000000298023224,
			Pose = {
				{
					Name = "HumanoidRootPart",
					CFrame = CFrame.new(0.0000000000, 0.0000000000, 0.0000000000, 1.0000000000, 0.0000000000, 0.0000000000, 0.0000000000, 1.0000000000, 0.0000000000, 0.0000000000, 0.0000000000, 1.0000000000),
					EasingDirection = Enum.PoseEasingDirection.In,
					EasingStyle = Enum.PoseEasingStyle.Linear,
					Weight = 0,
					Subpose = {
						{
							Name = "Torso",
							CFrame = CFrame.new(-0.0604658015, 0.0168708861, -0.2619571686, 0.9968702197, 0.0780932605, -0.0122966953, -0.0789658800, 0.9762184024, -0.2018960565, -0.0037624615, 0.2022351772, 0.9793298244),
							EasingDirection = Enum.PoseEasingDirection.In,
							EasingStyle = Enum.PoseEasingStyle.Linear,
							Weight = 1,
							Subpose = {
								{
									Name = "Left Arm",
									CFrame = CFrame.new(0.1713665128, -0.0862848759, -0.1199238300, 0.9730606675, -0.0139658600, 0.2301261276, -0.0277843922, 0.9837852120, 0.1771869808, -0.2288692594, -0.1788074970, 0.9568943977),
									EasingDirection = Enum.PoseEasingDirection.In,
									EasingStyle = Enum.PoseEasingStyle.Linear,
									Weight = 1,
									Subpose = {
										{
											Name = "HandleL",
											CFrame = CFrame.new(0.4441529512, -0.0701121390, 0.0902102292, 0.1607410759, -0.9869886637, -0.0039826590, 0.9857388735, 0.1603312492, 0.0511148646, -0.0498112477, -0.0121421050, 0.9986848831),
											EasingDirection = Enum.PoseEasingDirection.In,
											EasingStyle = Enum.PoseEasingStyle.Linear,
											Weight = 1,
										},
									},
								},
								{
									Name = "Left Leg",
									CFrame = CFrame.new(0.0706383884, 0.1026543975, 0.0065031052, 0.9346833229, -0.3549114466, 0.0201242976, 0.3552222848, 0.9346656799, -0.0147466818, -0.0135757290, 0.0209320709, 0.9996887445),
									EasingDirection = Enum.PoseEasingDirection.In,
									EasingStyle = Enum.PoseEasingStyle.Linear,
									Weight = 1,
								},
								{
									Name = "Head",
									CFrame = CFrame.new(-0.0000000001, 0.0000000012, -0.0000005066, 0.9980595708, -0.0622635745, -0.0004885973, 0.0622602738, 0.9980468154, -0.0051170918, 0.0008062514, 0.0050767423, 0.9999867678),
									EasingDirection = Enum.PoseEasingDirection.In,
									EasingStyle = Enum.PoseEasingStyle.Linear,
									Weight = 1,
								},
								{
									Name = "Right Arm",
									CFrame = CFrame.new(-0.1713665128, -0.0862848759, -0.1199238300, 0.9730606675, 0.0139658600, -0.2301261276, 0.0277843922, 0.9837852120, 0.1771869808, 0.2288692594, -0.1788074970, 0.9568943977),
									EasingDirection = Enum.PoseEasingDirection.In,
									EasingStyle = Enum.PoseEasingStyle.Linear,
									Weight = 1,
									Subpose = {
										{
											Name = "HandleR",
											CFrame = CFrame.new(0.4426150918, -0.0688565373, -0.0982698873, 0.1698241532, -0.9848044515, 0.0363832973, 0.9850019813, 0.1684836149, -0.0372090936, 0.0305132512, 0.0421571881, 0.9986469150),
											EasingDirection = Enum.PoseEasingDirection.In,
											EasingStyle = Enum.PoseEasingStyle.Linear,
											Weight = 1,
										},
									},
								},
								{
									Name = "Right Leg",
									CFrame = CFrame.new(0.3263301849, 0.2659330964, -0.0300803185, 0.9778519869, -0.2085604072, 0.0175515115, 0.2087178677, 0.9779461622, -0.0076544839, -0.0155680105, 0.0111482665, 0.9998167157),
									EasingDirection = Enum.PoseEasingDirection.In,
									EasingStyle = Enum.PoseEasingStyle.Linear,
									Weight = 1,
								},
							},
						},
					},
				},
			},
		},
		{
			Name = "Keyframe",
			Time = 0.30000001192092896,
			Pose = {
				{
					Name = "HumanoidRootPart",
					CFrame = CFrame.new(0.0000000000, 0.0000000000, 0.0000000000, 1.0000000000, 0.0000000000, 0.0000000000, 0.0000000000, 1.0000000000, 0.0000000000, 0.0000000000, 0.0000000000, 1.0000000000),
					EasingDirection = Enum.PoseEasingDirection.In,
					EasingStyle = Enum.PoseEasingStyle.Linear,
					Weight = 0,
					Subpose = {
						{
							Name = "Torso",
							CFrame = CFrame.new(-0.0703583509, 0.0106136389, -0.2073020637, 0.9970842600, 0.0742039010, -0.0177986566, -0.0762321278, 0.9790535569, -0.1887930334, 0.0034166574, 0.1895993799, 0.9818555713),
							EasingDirection = Enum.PoseEasingDirection.In,
							EasingStyle = Enum.PoseEasingStyle.Linear,
							Weight = 1,
							Subpose = {
								{
									Name = "Left Arm",
									CFrame = CFrame.new(0.1713266969, -0.0862696469, -0.1199177504, 0.9792718887, 0.0086094886, 0.2023666650, -0.0391921774, 0.9882687330, 0.1476094276, -0.1987218559, -0.1524810046, 0.9681214094),
									EasingDirection = Enum.PoseEasingDirection.In,
									EasingStyle = Enum.PoseEasingStyle.Linear,
									Weight = 1,
									Subpose = {
										{
											Name = "HandleL",
											CFrame = CFrame.new(0.4441514611, -0.0701115578, 0.0902101099, 0.0789627507, -0.9962878823, 0.0342881382, 0.9962822199, 0.0776802748, -0.0372504145, 0.0344486125, 0.0371020660, 0.9987175465),
											EasingDirection = Enum.PoseEasingDirection.In,
											EasingStyle = Enum.PoseEasingStyle.Linear,
											Weight = 1,
										},
									},
								},
								{
									Name = "Left Leg",
									CFrame = CFrame.new(0.0041754544, 0.2005752921, 0.0093451142, 0.9629074931, -0.2694899440, 0.0135775879, 0.2697147429, 0.9627524614, -0.0190180652, -0.0079466701, 0.0219747126, 0.9997269511),
									EasingDirection = Enum.PoseEasingDirection.In,
									EasingStyle = Enum.PoseEasingStyle.Linear,
									Weight = 1,
								},
								{
									Name = "Head",
									CFrame = CFrame.new(0.0000000003, -0.0000000130, -0.0000002980, 0.9981583357, -0.0606119409, 0.0024762598, 0.0606501102, 0.9962978363, -0.0609279796, 0.0012258705, 0.0609659553, 0.9981391430),
									EasingDirection = Enum.PoseEasingDirection.In,
									EasingStyle = Enum.PoseEasingStyle.Linear,
									Weight = 1,
								},
								{
									Name = "Right Arm",
									CFrame = CFrame.new(-0.1713268459, -0.0862697661, -0.1199177206, 0.9723184705, -0.0086094886, -0.2335007489, 0.0438807160, 0.9882687330, 0.1462841630, 0.2295021117, -0.1524810046, 0.9612898827),
									EasingDirection = Enum.PoseEasingDirection.In,
									EasingStyle = Enum.PoseEasingStyle.Linear,
									Weight = 1,
									Subpose = {
										{
											Name = "HandleR",
											CFrame = CFrame.new(0.4426227808, -0.0688320398, -0.0982920527, 0.0658883676, -0.9968559146, -0.0440413617, 0.9922745228, 0.0701074153, -0.1023527831, 0.1051182598, -0.0369568691, 0.9937745929),
											EasingDirection = Enum.PoseEasingDirection.In,
											EasingStyle = Enum.PoseEasingStyle.Linear,
											Weight = 1,
										},
									},
								},
								{
									Name = "Right Leg",
									CFrame = CFrame.new(0.2336875498, 0.2018077374, -0.0224428177, 0.9945062399, -0.1043156981, 0.0087009668, 0.1043637395, 0.9945252538, -0.0052586058, -0.0081047714, 0.0061377846, 0.9999483824),
									EasingDirection = Enum.PoseEasingDirection.In,
									EasingStyle = Enum.PoseEasingStyle.Linear,
									Weight = 1,
								},
							},
						},
					},
				},
			},
		},
		{
			Name = "Keyframe",
			Time = 0.4000000059604645,
			Pose = {
				{
					Name = "HumanoidRootPart",
					CFrame = CFrame.new(0.0000000000, 0.0000000000, 0.0000000000, 1.0000000000, 0.0000000000, 0.0000000000, 0.0000000000, 1.0000000000, 0.0000000000, 0.0000000000, 0.0000000000, 1.0000000000),
					EasingDirection = Enum.PoseEasingDirection.In,
					EasingStyle = Enum.PoseEasingStyle.Linear,
					Weight = 0,
					Subpose = {
						{
							Name = "Torso",
							CFrame = CFrame.new(-0.0684660375, 0.0091407951, -0.1695256829, 0.9978772402, 0.0615557134, -0.0212570317, -0.0643692911, 0.9818159938, -0.1785888374, 0.0098773316, 0.1795780361, 0.9836941361),
							EasingDirection = Enum.PoseEasingDirection.In,
							EasingStyle = Enum.PoseEasingStyle.Linear,
							Weight = 1,
							Subpose = {
								{
									Name = "Left Arm",
									CFrame = CFrame.new(0.1713199168, -0.0862794220, -0.1199385822, 0.9938069582, 0.0064737052, 0.1109317765, -0.0222446900, 0.9896843433, 0.1415283233, -0.1088711545, -0.1431194395, 0.9836989045),
									EasingDirection = Enum.PoseEasingDirection.In,
									EasingStyle = Enum.PoseEasingStyle.Linear,
									Weight = 1,
									Subpose = {
										{
											Name = "HandleL",
											CFrame = CFrame.new(0.4441519976, -0.0701121390, 0.0902099758, 0.0467601754, -0.9974742532, 0.0534688644, 0.9976547360, 0.0439563356, -0.0524646789, 0.0499818660, 0.0557967350, 0.9971902966),
											EasingDirection = Enum.PoseEasingDirection.In,
											EasingStyle = Enum.PoseEasingStyle.Linear,
											Weight = 1,
										},
									},
								},
								{
									Name = "Left Leg",
									CFrame = CFrame.new(-0.0724993497, 0.2251940370, 0.0144951344, 0.9906247854, -0.1364738494, 0.0061216131, 0.1365777701, 0.9903774261, -0.0223358609, -0.0030144528, 0.0229625367, 0.9997318387),
									EasingDirection = Enum.PoseEasingDirection.In,
									EasingStyle = Enum.PoseEasingStyle.Linear,
									Weight = 1,
								},
								{
									Name = "Head",
									CFrame = CFrame.new(-0.0000000005, -0.0000000149, -0.0000005662, 0.9986637831, -0.0516068116, 0.0027224931, 0.0516607873, 0.9955516458, -0.0787920952, 0.0013558262, 0.0788274556, 0.9968873858),
									EasingDirection = Enum.PoseEasingDirection.In,
									EasingStyle = Enum.PoseEasingStyle.Linear,
									Weight = 1,
								},
								{
									Name = "Right Arm",
									CFrame = CFrame.new(-0.1713199168, -0.0862792134, -0.1199384332, 0.9836010933, -0.0064737052, -0.1802415401, 0.0320992917, 0.9896843433, 0.1396235228, 0.1774782538, -0.1431194395, 0.9736621380),
									EasingDirection = Enum.PoseEasingDirection.In,
									EasingStyle = Enum.PoseEasingStyle.Linear,
									Weight = 1,
									Subpose = {
										{
											Name = "HandleR",
											CFrame = CFrame.new(0.4426212311, -0.0688240230, -0.0982491001, 0.0114460476, -0.9979575872, -0.0628764629, 0.9999102950, 0.0109844320, 0.0076733716, -0.0069664116, -0.0629576147, 0.9979922771),
											EasingDirection = Enum.PoseEasingDirection.In,
											EasingStyle = Enum.PoseEasingStyle.Linear,
											Weight = 1,
										},
									},
								},
								{
									Name = "Right Leg",
									CFrame = CFrame.new(0.1468138546, 0.1043781638, -0.0143755078, 0.9999993443, 0.0011328161, 0.0001517534, -0.0011324733, 0.9999973774, -0.0019421997, -0.0001539662, 0.0019420218, 0.9999980330),
									EasingDirection = Enum.PoseEasingDirection.In,
									EasingStyle = Enum.PoseEasingStyle.Linear,
									Weight = 1,
								},
							},
						},
					},
				},
			},
		},
		{
			Name = "Keyframe",
			Time = 0.5,
			Pose = {
				{
					Name = "HumanoidRootPart",
					CFrame = CFrame.new(0.0000000000, 0.0000000000, 0.0000000000, 1.0000000000, 0.0000000000, 0.0000000000, 0.0000000000, 1.0000000000, 0.0000000000, 0.0000000000, 0.0000000000, 1.0000000000),
					EasingDirection = Enum.PoseEasingDirection.In,
					EasingStyle = Enum.PoseEasingStyle.Linear,
					Weight = 0,
					Subpose = {
						{
							Name = "Torso",
							CFrame = CFrame.new(-0.0510976799, 0.0069504306, -0.1433547437, 0.9988750815, 0.0434216261, -0.0190555044, -0.0460724607, 0.9837829471, -0.1733449697, 0.0112195611, 0.1740279198, 0.9846768379),
							EasingDirection = Enum.PoseEasingDirection.In,
							EasingStyle = Enum.PoseEasingStyle.Linear,
							Weight = 1,
							Subpose = {
								{
									Name = "Left Arm",
									CFrame = CFrame.new(0.1713139564, -0.0862758756, -0.1199405491, 0.9981205463, 0.0154443681, 0.0593033433, -0.0235889591, 0.9899834394, 0.1391994655, -0.0565594584, -0.1403367519, 0.9884870648),
									EasingDirection = Enum.PoseEasingDirection.In,
									EasingStyle = Enum.PoseEasingStyle.Linear,
									Weight = 1,
									Subpose = {
										{
											Name = "HandleL",
											CFrame = CFrame.new(0.4441516995, -0.0701118857, 0.0902099982, 0.0532113910, -0.9972344041, 0.0518893301, 0.9949328303, 0.0485062338, -0.0880663395, 0.0853057951, 0.0563125350, 0.9947621822),
											EasingDirection = Enum.PoseEasingDirection.In,
											EasingStyle = Enum.PoseEasingStyle.Linear,
											Weight = 1,
										},
									},
								},
								{
									Name = "Left Leg",
									CFrame = CFrame.new(-0.1375053525, 0.2657197118, 0.0192147493, 0.9993739128, 0.0352823585, -0.0026289038, -0.0353353918, 0.9990864992, -0.0240348615, 0.0017784908, 0.0241127107, 0.9997076392),
									EasingDirection = Enum.PoseEasingDirection.In,
									EasingStyle = Enum.PoseEasingStyle.Linear,
									Weight = 1,
								},
								{
									Name = "Head",
									CFrame = CFrame.new(-0.0000000015, 0.0000000652, -0.0000012219, 0.9996099472, -0.0279146284, 0.0008391846, 0.0279145762, 0.9978007078, -0.0601199009, 0.0008408853, 0.0601198785, 0.9981907606),
									EasingDirection = Enum.PoseEasingDirection.In,
									EasingStyle = Enum.PoseEasingStyle.Linear,
									Weight = 1,
								},
								{
									Name = "Right Arm",
									CFrame = CFrame.new(-0.1713141501, -0.0862758756, -0.1199403703, 0.9850872159, -0.0154443681, -0.1713615656, 0.0391192734, 0.9899834394, 0.1356562227, 0.1675499529, -0.1403367519, 0.9758241177),
									EasingDirection = Enum.PoseEasingDirection.In,
									EasingStyle = Enum.PoseEasingStyle.Linear,
									Weight = 1,
									Subpose = {
										{
											Name = "HandleR",
											CFrame = CFrame.new(0.4426360726, -0.0688317269, -0.0982554331, -0.0306787863, -0.9983772039, -0.0479789339, 0.9995228052, -0.0308171511, 0.0021469912, -0.0036220807, -0.0478901677, 0.9988459945),
											EasingDirection = Enum.PoseEasingDirection.In,
											EasingStyle = Enum.PoseEasingStyle.Linear,
											Weight = 1,
										},
									},
								},
								{
									Name = "Right Leg",
									CFrame = CFrame.new(0.0252866670, 0.0253258348, -0.0027284622, 0.9939350486, 0.1096839756, -0.0079084001, -0.1097078621, 0.9939603209, -0.0026518770, 0.0075697680, 0.0035034071, 0.9999651909),
									EasingDirection = Enum.PoseEasingDirection.In,
									EasingStyle = Enum.PoseEasingStyle.Linear,
									Weight = 1,
								},
							},
						},
					},
				},
			},
		},
		{
			Name = "Keyframe",
			Time = 0.6000000238418579,
			Pose = {
				{
					Name = "HumanoidRootPart",
					CFrame = CFrame.new(0.0000000000, 0.0000000000, 0.0000000000, 1.0000000000, 0.0000000000, 0.0000000000, 0.0000000000, 1.0000000000, 0.0000000000, 0.0000000000, 0.0000000000, 1.0000000000),
					EasingDirection = Enum.PoseEasingDirection.In,
					EasingStyle = Enum.PoseEasingStyle.Linear,
					Weight = 0,
					Subpose = {
						{
							Name = "Torso",
							CFrame = CFrame.new(-0.0258618612, 0.0077603552, -0.1433953345, 0.9997470379, 0.0180102233, -0.0134732015, -0.0199961718, 0.9859573245, -0.1657958031, 0.0102979820, 0.1660232842, 0.9860680699),
							EasingDirection = Enum.PoseEasingDirection.In,
							EasingStyle = Enum.PoseEasingStyle.Linear,
							Weight = 1,
							Subpose = {
								{
									Name = "Left Arm",
									CFrame = CFrame.new(0.1713511199, -0.0862700939, -0.1199220121, 0.9981386662, -0.0088911206, 0.0603295639, 0.0003633462, 0.9901632071, 0.1399182230, -0.0609801188, -0.1396358758, 0.9883236885),
									EasingDirection = Enum.PoseEasingDirection.In,
									EasingStyle = Enum.PoseEasingStyle.Linear,
									Weight = 1,
									Subpose = {
										{
											Name = "HandleL",
											CFrame = CFrame.new(0.4441512823, -0.0701113641, 0.0902100354, 0.1389992237, -0.9884040356, 0.0611341372, 0.9902924895, 0.1387230903, -0.0087587647, 0.0001764727, 0.0617581382, 0.9980911613),
											EasingDirection = Enum.PoseEasingDirection.In,
											EasingStyle = Enum.PoseEasingStyle.Linear,
											Weight = 1,
										},
									},
								},
								{
									Name = "Left Leg",
									CFrame = CFrame.new(-0.2010836303, 0.2808430791, 0.0163528919, 0.9796088338, 0.2005056441, -0.0128033618, -0.2007569969, 0.9793726802, -0.0229298603, 0.0079416968, 0.0250326581, 0.9996550679),
									EasingDirection = Enum.PoseEasingDirection.In,
									EasingStyle = Enum.PoseEasingStyle.Linear,
									Weight = 1,
								},
								{
									Name = "Head",
									CFrame = CFrame.new(0.0000000000, 0.0000000130, -0.0000002980, 0.9999948144, 0.0032166913, -0.0002939132, -0.0032277149, 0.9986032844, -0.0527355187, 0.0001238688, 0.0527361892, 0.9986084700),
									EasingDirection = Enum.PoseEasingDirection.In,
									EasingStyle = Enum.PoseEasingStyle.Linear,
									Weight = 1,
								},
								{
									Name = "Right Arm",
									CFrame = CFrame.new(-0.1713514328, -0.0862700343, -0.1199222207, 0.9873078465, 0.0088911206, -0.1585677713, 0.0134506822, 0.9901632071, 0.1392706633, 0.1582462341, -0.1396358758, 0.9774765372),
									EasingDirection = Enum.PoseEasingDirection.In,
									EasingStyle = Enum.PoseEasingStyle.Linear,
									Weight = 1,
									Subpose = {
										{
											Name = "HandleR",
											CFrame = CFrame.new(0.4426350594, -0.0688431859, -0.0982575119, -0.0068951398, -0.9982303977, -0.0590650812, 0.9999763370, -0.0068845339, -0.0003832774, -0.0000240321, -0.0590663180, 0.9982540607),
											EasingDirection = Enum.PoseEasingDirection.In,
											EasingStyle = Enum.PoseEasingStyle.Linear,
											Weight = 1,
										},
									},
								},
								{
									Name = "Right Leg",
									CFrame = CFrame.new(-0.0854220986, -0.0211269259, 0.0068520904, 0.9767875671, 0.2136073112, -0.0160596464, -0.2137019932, 0.9768889546, -0.0044110822, 0.0147462524, 0.0077406685, 0.9998613000),
									EasingDirection = Enum.PoseEasingDirection.In,
									EasingStyle = Enum.PoseEasingStyle.Linear,
									Weight = 1,
								},
							},
						},
					},
				},
			},
		},
		{
			Name = "Keyframe",
			Time = 0.699999988079071,
			Pose = {
				{
					Name = "HumanoidRootPart",
					CFrame = CFrame.new(0.0000000000, 0.0000000000, 0.0000000000, 1.0000000000, 0.0000000000, 0.0000000000, 0.0000000000, 1.0000000000, 0.0000000000, 0.0000000000, 0.0000000000, 1.0000000000),
					EasingDirection = Enum.PoseEasingDirection.In,
					EasingStyle = Enum.PoseEasingStyle.Linear,
					Weight = 0,
					Subpose = {
						{
							Name = "Torso",
							CFrame = CFrame.new(-0.0010367651, 0.0097621642, -0.1652889103, 0.9998350143, -0.0165806524, -0.0074193105, 0.0152179748, 0.9875951409, -0.1562824994, 0.0099185407, 0.1561437994, 0.9876845479),
							EasingDirection = Enum.PoseEasingDirection.In,
							EasingStyle = Enum.PoseEasingStyle.Linear,
							Weight = 1,
							Subpose = {
								{
									Name = "Left Arm",
									CFrame = CFrame.new(0.1712986529, -0.0862729847, -0.1199008822, 0.9997730255, -0.0122170597, 0.0174525231, 0.0092367139, 0.9868043661, 0.1616545022, -0.0191971213, -0.1614565402, 0.9866932034),
									EasingDirection = Enum.PoseEasingDirection.In,
									EasingStyle = Enum.PoseEasingStyle.Linear,
									Weight = 1,
									Subpose = {
										{
											Name = "HandleL",
											CFrame = CFrame.new(0.4441511929, -0.0701119304, 0.0902100578, 0.1905658245, -0.9808491468, 0.0402524658, 0.9816711545, 0.1905098110, -0.0052575525, -0.0025116331, 0.0405166000, 0.9991757274),
											EasingDirection = Enum.PoseEasingDirection.In,
											EasingStyle = Enum.PoseEasingStyle.Linear,
											Weight = 1,
										},
									},
								},
								{
									Name = "Left Leg",
									CFrame = CFrame.new(-0.2731828690, 0.2279234529, -0.0014032722, 0.9486000538, 0.3155405819, -0.0243278090, -0.3160085678, 0.9485743046, -0.0185847059, 0.0172125045, 0.0253172498, 0.9995312095),
									EasingDirection = Enum.PoseEasingDirection.In,
									EasingStyle = Enum.PoseEasingStyle.Linear,
									Weight = 1,
								},
								{
									Name = "Head",
									CFrame = CFrame.new(0.0000000001, -0.0000000261, -0.0000001192, 0.9994090796, 0.0343515575, -0.0012303763, -0.0343729332, 0.9985290170, -0.0419320762, -0.0002118653, 0.0419495851, 0.9991196990),
									EasingDirection = Enum.PoseEasingDirection.In,
									EasingStyle = Enum.PoseEasingStyle.Linear,
									Weight = 1,
								},
								{
									Name = "Right Arm",
									CFrame = CFrame.new(-0.1712988615, -0.0862727463, -0.1199009120, 0.9876628518, 0.0122170597, -0.1561180651, 0.0133011192, 0.9868043661, 0.1613709331, 0.1560294330, -0.1614565402, 0.9744675159),
									EasingDirection = Enum.PoseEasingDirection.In,
									EasingStyle = Enum.PoseEasingStyle.Linear,
									Weight = 1,
									Subpose = {
										{
											Name = "HandleR",
											CFrame = CFrame.new(0.4426347017, -0.0688550770, -0.0982595608, -0.0213757250, -0.9980515838, -0.0586192384, 0.9997668862, -0.0211608857, -0.0042831497, 0.0030343693, -0.0586971231, 0.9982712269),
											EasingDirection = Enum.PoseEasingDirection.In,
											EasingStyle = Enum.PoseEasingStyle.Linear,
											Weight = 1,
										},
									},
								},
								{
									Name = "Right Leg",
									CFrame = CFrame.new(-0.1600712836, -0.0293918848, 0.0118675232, 0.9515444636, 0.3065460026, -0.0243461188, -0.3067559302, 0.9517733455, -0.0053221593, 0.0215404984, 0.0125325872, 0.9996894598),
									EasingDirection = Enum.PoseEasingDirection.In,
									EasingStyle = Enum.PoseEasingStyle.Linear,
									Weight = 1,
								},
							},
						},
					},
				},
			},
		},
		{
			Name = "Keyframe",
			Time = 0.800000011920929,
			Pose = {
				{
					Name = "HumanoidRootPart",
					CFrame = CFrame.new(0.0000000000, 0.0000000000, 0.0000000000, 1.0000000000, 0.0000000000, 0.0000000000, 0.0000000000, 1.0000000000, 0.0000000000, 0.0000000000, 0.0000000000, 1.0000000000),
					EasingDirection = Enum.PoseEasingDirection.In,
					EasingStyle = Enum.PoseEasingStyle.Linear,
					Weight = 0,
					Subpose = {
						{
							Name = "Torso",
							CFrame = CFrame.new(0.0225053970, 0.0122169852, -0.1964589804, 0.9987685680, -0.0495892204, -0.0015189424, 0.0487735532, 0.9870260358, -0.1529730558, 0.0090850499, 0.1527105868, 0.9882292151),
							EasingDirection = Enum.PoseEasingDirection.In,
							EasingStyle = Enum.PoseEasingStyle.Linear,
							Weight = 1,
							Subpose = {
								{
									Name = "Left Arm",
									CFrame = CFrame.new(0.1713478267, -0.0862789452, -0.1199347675, 0.9993652701, -0.0289829671, 0.0207160115, 0.0247099362, 0.9828077555, 0.1829711050, -0.0256628990, -0.1823430657, 0.9829000831),
									EasingDirection = Enum.PoseEasingDirection.In,
									EasingStyle = Enum.PoseEasingStyle.Linear,
									Weight = 1,
									Subpose = {
										{
											Name = "HandleL",
											CFrame = CFrame.new(0.4441516399, -0.0701119602, 0.0902099311, 0.2053479850, -0.9786815047, 0.0039053224, 0.9786876440, 0.2053526193, 0.0008351468, -0.0016193208, 0.0036506050, 0.9999920130),
											EasingDirection = Enum.PoseEasingDirection.In,
											EasingStyle = Enum.PoseEasingStyle.Linear,
											Weight = 1,
										},
									},
								},
								{
									Name = "Left Leg",
									CFrame = CFrame.new(-0.3487230539, 0.0897324085, -0.0221811533, 0.9333941936, 0.3587200046, -0.0097689889, -0.3588503897, 0.9331455231, -0.0215941425, 0.0013696216, 0.0236614458, 0.9997190833),
									EasingDirection = Enum.PoseEasingDirection.In,
									EasingStyle = Enum.PoseEasingStyle.Linear,
									Weight = 1,
								},
								{
									Name = "Head",
									CFrame = CFrame.new(-0.0000000005, -0.0000000009, -0.0000004768, 0.9983564019, 0.0572944507, -0.0013184060, -0.0573092476, 0.9980030060, -0.0265629403, -0.0002061360, 0.0265948400, 0.9996462464),
									EasingDirection = Enum.PoseEasingDirection.In,
									EasingStyle = Enum.PoseEasingStyle.Linear,
									Weight = 1,
								},
								{
									Name = "Right Arm",
									CFrame = CFrame.new(-0.1713476479, -0.0862785578, -0.1199351251, 0.9881080985, 0.0289829671, -0.1510047168, -0.0006117970, 0.9828077555, 0.1846310645, 0.1537597477, -0.1823430657, 0.9711380005),
									EasingDirection = Enum.PoseEasingDirection.In,
									EasingStyle = Enum.PoseEasingStyle.Linear,
									Weight = 1,
									Subpose = {
										{
											Name = "HandleR",
											CFrame = CFrame.new(0.4426293373, -0.0688664690, -0.0982623994, -0.0177346170, -0.9996981025, -0.0170347877, 0.9997743964, -0.0175313987, -0.0120105697, 0.0117083965, -0.0172438882, 0.9997833371),
											EasingDirection = Enum.PoseEasingDirection.In,
											EasingStyle = Enum.PoseEasingStyle.Linear,
											Weight = 1,
										},
									},
								},
								{
									Name = "Right Leg",
									CFrame = CFrame.new(-0.1835368574, -0.0097494125, 0.0125969648, 0.9286590219, 0.3697977364, -0.0290181451, -0.3701245487, 0.9289583564, -0.0066447025, 0.0244994536, 0.0169109888, 0.9995567799),
									EasingDirection = Enum.PoseEasingDirection.In,
									EasingStyle = Enum.PoseEasingStyle.Linear,
									Weight = 1,
								},
							},
						},
					},
				},
			},
		},
		{
			Name = "Keyframe",
			Time = 0.8999999761581421,
			Pose = {
				{
					Name = "HumanoidRootPart",
					CFrame = CFrame.new(0.0000000000, 0.0000000000, 0.0000000000, 1.0000000000, 0.0000000000, 0.0000000000, 0.0000000000, 1.0000000000, 0.0000000000, 0.0000000000, 0.0000000000, 1.0000000000),
					EasingDirection = Enum.PoseEasingDirection.In,
					EasingStyle = Enum.PoseEasingStyle.Linear,
					Weight = 0,
					Subpose = {
						{
							Name = "Torso",
							CFrame = CFrame.new(0.0437964499, 0.0183157362, -0.2467565835, 0.9975258112, -0.0701765344, 0.0041859522, 0.0699103102, 0.9839475751, -0.1641943157, 0.0074038301, 0.1640807092, 0.9864191413),
							EasingDirection = Enum.PoseEasingDirection.In,
							EasingStyle = Enum.PoseEasingStyle.Linear,
							Weight = 1,
							Subpose = {
								{
									Name = "Left Arm",
									CFrame = CFrame.new(0.1713432968, -0.0862799585, -0.1199275851, 0.9986160994, -0.0508578420, 0.0133897662, 0.0472926944, 0.9797871113, 0.1943724453, -0.0230044574, -0.1934702098, 0.9808365107),
									EasingDirection = Enum.PoseEasingDirection.In,
									EasingStyle = Enum.PoseEasingStyle.Linear,
									Weight = 1,
									Subpose = {
										{
											Name = "HandleL",
											CFrame = CFrame.new(0.4441505373, -0.0701121986, 0.0902100578, 0.2115551829, -0.9768334031, -0.0322740078, 0.9768800139, 0.2123758197, -0.0245336406, 0.0308194794, -0.0263376012, 0.9991779327),
											EasingDirection = Enum.PoseEasingDirection.In,
											EasingStyle = Enum.PoseEasingStyle.Linear,
											Weight = 1,
										},
									},
								},
								{
									Name = "Left Leg",
									CFrame = CFrame.new(-0.3468251824, 0.2011433840, -0.0293258429, 0.9489939809, 0.3084981143, -0.0651112497, -0.3090220094, 0.9510525465, 0.0021178862, 0.0625775829, 0.0181109477, 0.9978758097),
									EasingDirection = Enum.PoseEasingDirection.In,
									EasingStyle = Enum.PoseEasingStyle.Linear,
									Weight = 1,
								},
								{
									Name = "Head",
									CFrame = CFrame.new(-0.0000000002, -0.0000000037, -0.0000001490, 0.9979581237, 0.0638707504, -0.0002641454, -0.0638701245, 0.9979062676, -0.0101812100, -0.0003866892, 0.0101772929, 0.9999481440),
									EasingDirection = Enum.PoseEasingDirection.In,
									EasingStyle = Enum.PoseEasingStyle.Linear,
									Weight = 1,
								},
								{
									Name = "Right Arm",
									CFrame = CFrame.new(-0.1713431627, -0.0862801671, -0.1199280024, 0.9839860797, 0.0508578420, -0.1708355248, -0.0160217285, 0.9797871113, 0.1994004846, 0.1775235236, -0.1934702098, 0.9649118185),
									EasingDirection = Enum.PoseEasingDirection.In,
									EasingStyle = Enum.PoseEasingStyle.Linear,
									Weight = 1,
									Subpose = {
										{
											Name = "HandleR",
											CFrame = CFrame.new(0.4426327348, -0.0688659102, -0.0982618332, -0.0094076330, -0.9997797012, -0.0187695976, 0.9987665415, -0.0103100343, 0.0485747531, -0.0487575457, -0.0182894655, 0.9986432791),
											EasingDirection = Enum.PoseEasingDirection.In,
											EasingStyle = Enum.PoseEasingStyle.Linear,
											Weight = 1,
										},
									},
								},
								{
									Name = "Right Leg",
									CFrame = CFrame.new(-0.1406946182, 0.0275203586, 0.0093203783, 0.9218478203, 0.3866509199, -0.0264126007, -0.3870124817, 0.9220190048, -0.0101134423, 0.0204425473, 0.0195450597, 0.9995999336),
									EasingDirection = Enum.PoseEasingDirection.In,
									EasingStyle = Enum.PoseEasingStyle.Linear,
									Weight = 1,
								},
							},
						},
					},
				},
			},
		},
		{
			Name = "Keyframe",
			Time = 1,
			Pose = {
				{
					Name = "HumanoidRootPart",
					CFrame = CFrame.new(0.0000000000, 0.0000000000, 0.0000000000, 1.0000000000, 0.0000000000, 0.0000000000, 0.0000000000, 1.0000000000, 0.0000000000, 0.0000000000, 0.0000000000, 1.0000000000),
					EasingDirection = Enum.PoseEasingDirection.In,
					EasingStyle = Enum.PoseEasingStyle.Linear,
					Weight = 0,
					Subpose = {
						{
							Name = "Torso",
							CFrame = CFrame.new(0.0604658015, 0.0168708861, -0.2619571686, 0.9968702197, -0.0780932605, 0.0122966953, 0.0789658800, 0.9762184024, -0.2018960565, 0.0037624615, 0.2022351772, 0.9793298244),
							EasingDirection = Enum.PoseEasingDirection.In,
							EasingStyle = Enum.PoseEasingStyle.Linear,
							Weight = 1,
							Subpose = {
								{
									Name = "Left Arm",
									CFrame = CFrame.new(0.1713663042, -0.0862852633, -0.1199237406, 0.9944485426, -0.0139658600, 0.1042936444, -0.0049862880, 0.9837852120, 0.1792828441, -0.1051064283, -0.1788074970, 0.9782538414),
									EasingDirection = Enum.PoseEasingDirection.In,
									EasingStyle = Enum.PoseEasingStyle.Linear,
									Weight = 1,
									Subpose = {
										{
											Name = "HandleL",
											CFrame = CFrame.new(0.4441511631, -0.0701127350, 0.0902099460, 0.2184917480, -0.9758070111, -0.0078992900, 0.9744496942, 0.2177418619, 0.0550992787, -0.0520462655, -0.0197361857, 0.9984496236),
											EasingDirection = Enum.PoseEasingDirection.In,
											EasingStyle = Enum.PoseEasingStyle.Linear,
											Weight = 1,
										},
									},
								},
								{
									Name = "Left Leg",
									CFrame = CFrame.new(-0.3263301849, 0.2659330964, -0.0300803185, 0.9778519869, 0.2085604072, -0.0175515115, -0.2087178677, 0.9779461622, -0.0076544839, 0.0155680105, 0.0111482665, 0.9998167157),
									EasingDirection = Enum.PoseEasingDirection.In,
									EasingStyle = Enum.PoseEasingStyle.Linear,
									Weight = 1,
								},
								{
									Name = "Head",
									CFrame = CFrame.new(0.0000000001, 0.0000000012, -0.0000005066, 0.9980595708, 0.0622635745, 0.0004885973, -0.0622602738, 0.9980468154, -0.0051170918, -0.0008062514, 0.0050767423, 0.9999867678),
									EasingDirection = Enum.PoseEasingDirection.In,
									EasingStyle = Enum.PoseEasingStyle.Linear,
									Weight = 1,
								},
								{
									Name = "Right Arm",
									CFrame = CFrame.new(-0.1713665128, -0.0862848759, -0.1199238300, 0.9730606675, 0.0139658600, -0.2301261276, 0.0277843922, 0.9837852120, 0.1771869808, 0.2288692594, -0.1788074970, 0.9568943977),
									EasingDirection = Enum.PoseEasingDirection.In,
									EasingStyle = Enum.PoseEasingStyle.Linear,
									Weight = 1,
									Subpose = {
										{
											Name = "HandleR",
											CFrame = CFrame.new(0.4426366091, -0.0688664541, -0.0982616395, -0.0284001920, -0.9993918538, -0.0202287808, 0.9992391467, -0.0278431177, -0.0273086466, 0.0267288070, -0.0209889617, 0.9994223714),
											EasingDirection = Enum.PoseEasingDirection.In,
											EasingStyle = Enum.PoseEasingStyle.Linear,
											Weight = 1,
										},
									},
								},
								{
									Name = "Right Leg",
									CFrame = CFrame.new(-0.0706383884, 0.1026543975, 0.0065031052, 0.9346833229, 0.3549114466, -0.0201242976, -0.3552222848, 0.9346656799, -0.0147466818, 0.0135757290, 0.0209320709, 0.9996887445),
									EasingDirection = Enum.PoseEasingDirection.In,
									EasingStyle = Enum.PoseEasingStyle.Linear,
									Weight = 1,
								},
							},
						},
					},
				},
			},
		},
		{
			Name = "Keyframe",
			Time = 1.100000023841858,
			Pose = {
				{
					Name = "HumanoidRootPart",
